name: the cool map
points: 49.304541,-122.834910 49.304037,-122.834736 49.303352,-122.833225 49.304408,-122.833643 49.304401,-122.834910
edges: 0,4 4,1 1,2 4,3